8
6
6
2
2
2
2
4
2
16
14
12
10
16
14
12
10
51
51
51
50
151
197
150
150
197
4706
51
1148
1231
856
1255
964
998
896
1019
1231
845
944
950
1264
1069
860
1257
996
1178
1223
1153
994
1286
1125
899
978
1218
1105
1040
1253
1158
1139
1026
1168
1093
1144
841
887
1070
1084
1030
1000
1325
721
956
977
1308
1072
990
1015
1331
1331
851
1203
1098
1282
1029
1261
1228
922
1057
1139
1136
935
1102
987
1005
1108
1024
1025
1141
976
1326
1125
1155
1014
1018
944
901
1146
1112
789
895
1291
1092
1211
1129
916
1191
1094
963
999
1009
1347
887
1014
1137
1136
988
1064
942
